shape_id,shape_pt_lat,shape_pt_lon,shape_pt_sequence,shape_dist_traveled
SHP_LRT1,14.4947,120.9925,1,0.0
SHP_LRT1,14.503,121.008,2,1.907
SHP_LRT1,14.511,121.005,3,2.853
SHP_LRT1,14.5198,121.001,4,3.922
SHP_LRT1,14.527,120.998,5,4.786
SHP_LRT1,14.5339,120.998,6,5.553
SHP_LRT1,14.5376,121.0003,7,6.033
SHP_LRT1,14.5428,120.9983,8,6.65
SHP_LRT1,14.5518,120.9974,9,7.655
SHP_LRT1,14.5618,120.994,10,8.826
SHP_LRT1,14.5717,120.9906,11,9.986
SHP_LRT1,14.5803,120.9879,12,10.985
SHP_LRT1,14.5857,120.986,13,11.62
SHP_LRT1,14.5934,120.9817,14,12.593
SHP_LRT1,14.5974,120.9817,15,13.038
SHP_LRT1,14.5989,120.9851,16,13.44
SHP_LRT1,14.603,120.9876,17,13.969
SHP_LRT1,14.61,120.9889,18,14.76
SHP_LRT1,14.6173,120.99,19,15.58
SHP_LRT1,14.626,120.9895,20,16.549
SHP_LRT1,14.6327,120.9887,21,17.299
SHP_LRT1,14.6397,120.9862,22,18.123
SHP_LRT1,14.6561,120.984,23,19.962
SHP_LRT1,14.6724,120.9814,24,21.796
SHP_LRT1,14.694,120.9837,25,24.21
SHP_LRT2,14.5989,120.9851,1,0.0
SHP_LRT2,14.5985,120.9937,2,0.926
SHP_LRT2,14.5968,120.9996,3,1.589
SHP_LRT2,14.5955,121.0063,4,2.324
SHP_LRT2,14.5959,121.0141,5,3.165
SHP_LRT2,14.598,121.0222,6,4.067
SHP_LRT2,14.6012,121.0291,7,4.89
SHP_LRT2,14.6194,121.0533,8,8.188
SHP_LRT2,14.6237,121.062,9,9.239
SHP_LRT2,14.6309,121.0697,10,10.391
SHP_LRT2,14.638,121.0771,11,11.513
SHP_LRT2,14.6458,121.0934,12,13.469
SHP_LRT2,14.6512,121.1254,13,16.964
SHP_MRT3,14.6522,121.0328,1,0.0
SHP_MRT3,14.6441,121.0399,2,1.181
SHP_MRT3,14.6356,121.0412,3,2.136
SHP_MRT3,14.6222,121.0517,4,4.006
SHP_MRT3,14.609,121.0484,5,5.516
SHP_MRT3,14.5876,121.0567,6,8.058
SHP_MRT3,14.5818,121.0527,7,8.833
SHP_MRT3,14.5762,121.0489,8,9.578
SHP_MRT3,14.5689,121.0469,9,10.418
SHP_MRT3,14.5605,121.045,10,11.374
SHP_MRT3,14.5491,121.0478,11,12.677
SHP_MRT3,14.542,121.0422,12,13.671
SHP_MRT3,14.5376,121.0003,13,18.207
SHP_PNR,14.6064,120.9657,1,0.0
SHP_PNR,14.6053,120.9956,2,3.22
SHP_PNR,14.6117,120.9911,3,4.08
SHP_PNR,14.6098,120.9883,4,4.448
SHP_PNR,14.5994,120.988,5,5.605
SHP_PNR,14.5793,120.9888,6,7.842
SHP_PNR,14.5838,121.0044,7,9.594
SHP_PNR,14.5924,121.0127,8,10.902
SHP_PNR,14.5713,120.9913,9,14.19
SHP_PNR,14.5562,121.0108,10,16.877
SHP_PNR,14.5656,121.0152,11,18.025
SHP_PNR,14.5268,121.0043,12,22.496
SHP_PNR,14.5071,121.0396,13,26.882
SHP_PNR,14.4985,121.0252,14,28.703
SHP_PNR,14.473,121.0357,15,31.756
SHP_PNR,14.4335,121.0204,16,36.447
SHP_PNR,14.4097,121.0472,17,40.363
SHP_EDSA_CAR,14.4947,120.9925,1,0.0
SHP_EDSA_CAR,14.5249,120.993,2,3.359
SHP_EDSA_CAR,14.5347,120.9834,3,4.86
SHP_EDSA_CAR,14.5376,121.0003,4,6.708
SHP_EDSA_CAR,14.542,121.0422,5,11.244
SHP_EDSA_CAR,14.5491,121.0478,6,12.237
SHP_EDSA_CAR,14.5605,121.035,7,14.109
SHP_EDSA_CAR,14.5689,121.0469,8,15.694
SHP_EDSA_CAR,14.5762,121.039,9,16.87
SHP_EDSA_CAR,14.5818,121.0527,10,18.47
SHP_EDSA_CAR,14.5876,121.0567,11,19.246
SHP_EDSA_CAR,14.609,121.038,12,22.362
SHP_EDSA_CAR,14.6194,121.0533,13,24.374
SHP_EDSA_CAR,14.6356,121.0412,14,26.596
SHP_EDSA_CAR,14.6441,121.0399,15,27.552
SHP_EDSA_CAR,14.651,121.032,16,28.697
SHP_EDSA_CAR,14.6522,121.0328,17,28.856
SHP_EDSA_CAR,14.6634,121.01,18,31.606
SHP_EDSA_CAR,14.6561,120.984,19,34.519
SHP_EDSA_CAR,14.7188,121.0584,20,45.132
SHP_BGC_EAST_EXPRESS,14.5484,121.0546,1,0.0
SHP_BGC_EAST_EXPRESS,14.558,121.0545,2,1.068
SHP_BGC_EAST_EXPRESS,14.5581,121.0635,3,2.036
SHP_BGC_EAST_EXPRESS,14.5876,121.0567,4,5.397
SHP_BGC_NORTH_EXPRESS,14.5484,121.0546,1,0.0
SHP_BGC_NORTH_EXPRESS,14.555,121.048,2,1.021
SHP_BGC_NORTH_EXPRESS,14.5491,121.0478,3,1.678
SHP_BGC_NORTH_EXPRESS,14.5605,121.043,4,3.047
SHP_BGC_NORTH_EXPRESS,14.5876,121.0567,5,6.401
SHP_BGC_NORTH_EXPRESS,14.5876,121.0517,6,6.939
SHP_BGC_UPPER_WEST_EXPRESS,14.5484,121.0546,1,0.0
SHP_BGC_UPPER_WEST_EXPRESS,14.5491,121.0478,2,0.736
SHP_BGC_UPPER_WEST_EXPRESS,14.5376,121.0003,3,6.006
SHP_BGC_UPPER_WEST_EXPRESS,14.5347,120.9834,4,7.853
SHP_BGC_LOWER_WEST_EXPRESS,14.5484,121.0546,1,0.0
SHP_BGC_LOWER_WEST_EXPRESS,14.542,121.0422,2,1.513
SHP_BGC_LOWER_WEST_EXPRESS,14.5376,121.0003,3,6.049
SHP_BGC_LOWER_WEST_EXPRESS,14.5347,120.9834,4,7.896
SHP_BGC_LOWER_WEST_EXPRESS,14.4947,120.9925,5,12.451
SHP_BGC_CENTRAL,14.5484,121.0546,1,0.0
SHP_BGC_CENTRAL,14.5517,121.0515,2,0.496
SHP_BGC_CENTRAL,14.5551,121.0482,3,1.015
SHP_BGC_CENTRAL,14.5555,121.0538,4,1.619
SHP_BGC_CENTRAL,14.5498,121.0483,5,2.486
SHP_BGC_CENTRAL,14.5484,121.0546,6,3.182
SHP_BGC_NIGHT,14.5484,121.0546,1,0.0
SHP_BGC_NIGHT,14.553,121.0502,2,0.697
SHP_BGC_NIGHT,14.5576,121.0506,3,1.21
SHP_BGC_NIGHT,14.5484,121.0546,4,2.32
SHP_BGC_WEEKEND,14.5484,121.0546,1,0.0
SHP_BGC_WEEKEND,14.5421,121.0577,2,0.776
SHP_BGC_WEEKEND,14.5453,121.057,3,1.14
SHP_BGC_WEEKEND,14.5364,121.0581,4,2.136
SHP_BGC_WEEKEND,14.5347,120.9834,5,10.179
SHP_BGC_ARCA_SOUTH_EXPRESS,14.5484,121.0546,1,0.0
SHP_BGC_ARCA_SOUTH_EXPRESS,14.5305,121.0513,2,2.022
SHP_BGC_ARCA_SOUTH_EXPRESS,14.4885,121.021,3,7.718
SHP_BGC_AYALA_EXPRESS,14.5484,121.0546,1,0.0
SHP_BGC_AYALA_EXPRESS,14.5566,121.048,2,1.156
SHP_BGC_AYALA_EXPRESS,14.5537,121.0299,3,3.13
SHP_BGC_AYALA_EXPRESS,14.5491,121.0478,4,5.124
SHP_BGC_NUVALI_EXPRESS,14.5484,121.0546,1,0.0
SHP_BGC_NUVALI_EXPRESS,14.542,121.0422,2,1.513
SHP_BGC_NUVALI_EXPRESS,14.4225,121.0272,3,14.898
SHP_BGC_NUVALI_EXPRESS,14.393,121.018,4,18.325
SHP_BGC_NUVALI_EXPRESS,14.215,121.142,5,42.205
SHP_QCB_1,14.6893,121.0965,1,0.0
SHP_QCB_1,14.6893,121.0965,2,0.0
SHP_QCB_1,14.6893,121.0645,3,3.442
SHP_QCB_1,14.6498,121.0466,4,8.238
SHP_QCB_1,14.6194,121.0533,5,11.694
SHP_QCB_2,14.6498,121.0466,1,0.0
SHP_QCB_2,14.6697,121.0321,2,2.707
SHP_QCB_2,14.6893,121.0965,3,9.969
SHP_QCB_2,14.6969,121.096,4,10.816
SHP_QCB_3,14.5989,120.9851,1,0.0
SHP_QCB_3,14.6066,121.0001,2,1.827
SHP_QCB_3,14.6498,121.0466,3,8.763
SHP_QCB_3,14.6309,121.0697,4,12.017
SHP_QCB_4,14.6498,121.0466,1,0.0
SHP_QCB_4,14.6522,121.0328,2,1.508
SHP_QCB_4,14.738,121.055,3,11.343
SHP_QCB_4,14.738,121.055,4,11.343
SHP_QCB_5,14.6498,121.0466,1,0.0
SHP_QCB_5,14.66,121.0256,2,2.528
SHP_QCB_5,14.6764,121.0136,3,4.762
SHP_QCB_6,14.6498,121.0466,1,0.0
SHP_QCB_6,14.6441,121.0399,2,0.96
SHP_QCB_6,14.598,121.0222,3,6.428
SHP_QCB_7,14.6498,121.0466,1,0.0
SHP_QCB_7,14.6309,121.0697,2,3.255
SHP_QCB_7,14.6547,121.0659,3,5.933
SHP_QCB_7,14.6063,121.0808,4,11.548
SHP_QCB_8,14.6498,121.0466,1,0.0
SHP_QCB_8,14.6522,121.0328,2,1.508
SHP_QCB_8,14.6397,121.03,3,2.931
SHP_QCB_8,14.6561,120.984,4,8.205
SHP_BUS_2,14.5275,121.1522,1,0.0
SHP_BUS_2,14.5819,121.0851,2,9.42
SHP_BUS_2,14.5876,121.0567,3,12.542
SHP_BUS_2,14.5974,120.9817,4,20.685
SHP_BUS_3,14.6289,121.1148,1,0.0
SHP_BUS_3,14.6458,121.0934,2,2.972
SHP_BUS_3,14.5819,121.0851,3,10.133
SHP_BUS_3,14.5974,120.9817,4,21.393
SHP_BUS_4,14.4947,120.9925,1,0.0
SHP_BUS_4,14.5241,120.995,2,3.28
SHP_BUS_4,14.5605,121.035,3,9.189
SHP_BUS_4,14.5484,121.0546,4,11.691
SHP_BUS_5,14.699,120.962,1,0.0
SHP_BUS_5,14.6561,120.984,2,5.325
SHP_BUS_5,14.6522,121.0328,3,10.593
SHP_BUS_5,14.6194,121.0533,4,14.855
SHP_BUS_5,14.5876,121.0567,5,18.41
SHP_BUS_5,14.5376,121.0003,6,26.641
SHP_BUS_5,14.4947,120.9925,7,31.485
SHP_BUS_6,14.8055,120.9817,1,0.0
SHP_BUS_6,14.738,121.055,2,10.883
SHP_BUS_6,14.7188,121.0584,3,13.049
SHP_BUS_6,14.6893,121.0645,4,16.395
SHP_BUS_6,14.6522,121.0328,5,21.747
SHP_BUS_6,14.6498,121.0466,6,23.255
SHP_BUS_6,14.4947,120.9925,7,41.458
SHP_BUS_7,14.7188,121.0584,1,0.0
SHP_BUS_7,14.6893,121.0645,2,3.345
SHP_BUS_7,14.6522,121.0328,3,8.697
SHP_BUS_7,14.6498,121.0466,4,10.206
SHP_BUS_7,14.4947,120.9925,5,28.408
SHP_BUS_8,14.9265,121.0215,1,0.0
SHP_BUS_8,14.7996,120.9219,2,17.711
SHP_BUS_8,14.699,120.962,3,29.7
SHP_BUS_8,14.6561,120.984,4,35.025
SHP_BUS_8,14.5986,120.9664,5,41.693
SHP_BUS_9,14.9265,121.0215,1,0.0
SHP_BUS_9,14.7996,120.9219,2,17.711
SHP_BUS_9,14.699,120.962,3,29.7
SHP_BUS_9,14.6561,120.984,4,35.025
SHP_BUS_10,14.5491,121.0478,1,0.0
SHP_BUS_10,14.542,121.0422,2,0.993
SHP_BUS_10,14.4225,121.0272,3,14.379
SHP_BUS_11,14.5376,121.0003,1,0.0
SHP_BUS_11,14.5491,121.0478,2,5.27
SHP_BUS_11,14.542,121.0422,3,6.263
SHP_BUS_11,14.4225,121.0272,4,19.649
SHP_BUS_11,14.271,121.1031,5,38.374
SHP_BUS_12,14.5491,121.0478,1,0.0
SHP_BUS_12,14.542,121.0422,2,0.993
SHP_BUS_12,14.4225,121.0272,3,14.379
SHP_BUS_12,14.32,121.0856,4,27.397
SHP_BUS_13,14.7211,121.0585,1,0.0
SHP_BUS_13,14.699,120.9611,2,10.76
SHP_BUS_13,14.7023,120.9622,3,11.145
SHP_BUS_13,14.6173,120.99,4,21.059
SHP_BUS_13,14.598,120.98,5,23.459
SHP_BUS_14,14.814,120.905,1,0.0
SHP_BUS_14,14.7996,120.9219,2,2.422
SHP_BUS_14,14.699,120.962,3,14.41
SHP_BUS_14,14.6561,120.984,4,19.735
SHP_BUS_14,14.5376,121.0003,5,33.028
SHP_BUS_14,14.4947,120.9925,6,37.872
SHP_BUS_15,14.5484,121.0546,1,0.0
SHP_BUS_15,14.542,121.0422,2,1.513
SHP_BUS_15,14.4225,121.0272,3,14.898
SHP_BUS_15,14.299,121.06,4,29.078
SHP_BUS_15,14.271,121.1031,5,34.669
SHP_BUS_16,14.6063,121.0808,1,0.0
SHP_BUS_16,14.61,121.065,2,1.749
SHP_BUS_16,14.5819,121.0851,3,5.549
SHP_BUS_16,14.5347,120.9834,4,17.688
SHP_BUS_17,14.7188,121.0584,1,0.0
SHP_BUS_17,14.7188,121.0584,2,0.0
SHP_BUS_17,14.6441,121.0399,3,8.541
SHP_BUS_17,14.6498,121.0466,4,9.501
SHP_BUS_17,14.638,121.0396,5,11.014
SHP_BUS_17,14.5491,121.0478,6,20.939
SHP_BUS_18,14.6522,121.0328,1,0.0
SHP_BUS_18,14.5484,121.0546,2,11.778
SHP_BUS_18,14.5364,121.0581,3,13.164
SHP_BUS_18,14.5347,120.9834,4,21.207
SHP_BUS_18,14.4947,120.9925,5,25.761
SHP_BUS_19,14.9264,121.0461,1,0.0
SHP_BUS_19,14.7575,120.9574,2,21.062
SHP_BUS_19,14.699,120.962,3,27.586
SHP_BUS_19,14.6173,120.99,4,37.157
SHP_BUS_19,14.598,120.98,5,39.558
SHP_BUS_20,14.8055,120.9817,1,0.0
SHP_BUS_20,14.699,120.9611,2,12.048
SHP_BUS_20,14.7023,120.9622,3,12.433
SHP_BUS_20,14.6173,120.99,4,22.347
SHP_BUS_20,14.598,120.98,5,24.747
SHP_BUS_21,14.8055,120.9817,1,0.0
SHP_BUS_21,14.699,120.962,2,12.03
SHP_BUS_21,14.6173,120.99,3,21.601
SHP_BUS_21,14.598,120.98,4,24.002
SHP_BUS_22,14.8215,121.0003,1,0.0
SHP_BUS_22,14.699,120.962,2,14.23
SHP_BUS_22,14.6522,121.0328,3,23.454
SHP_BUS_22,14.6498,121.0466,4,24.963
SHP_BUS_22,14.4947,120.9925,5,43.165
SHP_BUS_23,14.4225,121.0272,1,0.0
SHP_BUS_23,14.438,120.988,2,4.56
SHP_BUS_23,14.4498,120.98,3,6.129
SHP_BUS_23,14.593,120.9727,4,22.072
SHP_BUS_24,14.4225,121.0272,1,0.0
SHP_BUS_24,14.438,120.995,2,3.872
SHP_BUS_24,14.4947,120.9925,3,10.183
SHP_BUS_24,14.5376,121.0003,4,15.026
SHP_BUS_24,14.593,120.9727,5,21.865
SHP_BUS_25,14.32,121.0856,1,0.0
SHP_BUS_25,14.299,121.06,2,3.614
SHP_BUS_25,14.4225,121.0272,3,17.794
SHP_BUS_25,14.4947,120.9925,4,26.649
SHP_BUS_25,14.5376,121.0003,5,31.492
SHP_BUS_25,14.593,120.9727,6,38.331
SHP_BUS_26,14.4947,120.9925,1,0.0
SHP_BUS_26,14.42,120.94,2,10.047
SHP_BUS_26,14.38,120.92,3,14.989
SHP_BUS_27,14.33,120.95,1,0.0
SHP_BUS_27,14.4551,120.9637,2,13.989
SHP_BUS_27,14.4947,120.9925,3,19.374
SHP_BUS_27,14.593,120.9727,4,30.51
SHP_BUS_28,14.4947,120.9925,1,0.0
SHP_BUS_28,14.328,120.7726,2,30.074
SHP_BUS_29,14.4947,120.9925,1,0.0
SHP_BUS_29,14.42,120.94,2,10.047
SHP_BUS_29,14.33,120.95,3,20.113
SHP_BUS_29,14.28,120.95,4,25.672
SHP_BUS_30,14.271,121.1031,1,0.0
SHP_BUS_30,14.4225,121.0272,2,18.725
SHP_BUS_30,14.4947,120.9925,3,27.581
SHP_BUS_31,14.4947,120.9925,1,0.0
SHP_BUS_31,14.2822,120.8627,2,27.455
SHP_BUS_31,14.26,120.84,3,30.93
SHP_BUS_32,14.4947,120.9925,1,0.0
SHP_BUS_32,14.3009,121.0138,2,21.671
SHP_BUS_33,14.8288,120.9396,1,0.0
SHP_BUS_33,14.7023,120.9622,2,14.275
SHP_BUS_33,14.699,120.9611,3,14.66
SHP_BUS_33,14.6561,120.984,4,20.029
SHP_BUS_33,14.6522,121.0328,5,25.296
SHP_BUS_34,14.729,121.1267,1,0.0
SHP_BUS_34,14.6893,121.0965,2,5.481
SHP_BUS_34,14.6893,121.0645,3,8.923
SHP_BUS_34,14.6441,121.0399,4,14.603
SHP_BUS_34,14.6498,121.0466,5,15.562
SHP_BUS_34,14.4947,120.9925,6,33.765
SHP_BUS_35,14.814,120.905,1,0.0
SHP_BUS_35,14.7996,120.9219,2,2.422
SHP_BUS_35,14.699,120.962,3,14.41
SHP_BUS_35,14.7023,120.9622,4,14.778
SHP_BUS_35,14.699,120.9611,5,15.163
SHP_BUS_35,14.5093,121.0182,6,37.134
SHP_BUS_36,14.7188,121.0584,1,0.0
SHP_BUS_36,14.7188,121.0584,2,0.0
SHP_BUS_36,14.6522,121.0328,3,7.901
SHP_BUS_36,14.6063,121.0808,4,15.162
SHP_BUS_36,14.5581,121.0635,5,20.835
SHP_BUS_36,14.5484,121.0546,6,22.278
SHP_BUS_36,14.542,121.0422,7,23.791
SHP_BUS_36,14.4225,121.0272,8,37.176
SHP_BUS_37,14.7188,121.0584,1,0.0
SHP_BUS_37,14.738,121.055,2,2.166
SHP_BUS_37,14.7023,120.9622,3,12.907
SHP_BUS_37,14.699,120.9611,4,13.292
SHP_BUS_37,14.6561,120.984,5,18.661
SHP_BUS_38,14.7188,121.0584,1,0.0
SHP_BUS_38,14.6522,121.0328,2,7.901
SHP_BUS_38,14.6491,120.9671,3,14.977
SHP_BUS_38,14.5491,121.0478,4,29.086
SHP_BUS_38,14.299,121.06,5,56.927
SHP_BUS_39,14.7188,121.0584,1,0.0
SHP_BUS_39,14.7188,121.0584,2,0.0
SHP_BUS_39,14.6522,121.0328,3,7.901
SHP_BUS_39,14.6063,121.0808,4,15.162
SHP_BUS_39,14.5484,121.0546,5,22.19
SHP_BUS_39,14.299,121.06,6,49.928
SHP_BUS_40,14.7188,121.0584,1,0.0
SHP_BUS_40,14.7188,121.0584,2,0.0
SHP_BUS_40,14.6522,121.0328,3,7.901
SHP_BUS_40,14.6498,121.0466,4,9.409
SHP_BUS_40,14.5491,121.0478,5,20.607
SHP_BUS_40,14.4225,121.0272,6,34.858
SHP_BUS_41,14.7188,121.0584,1,0.0
SHP_BUS_41,14.7188,121.0584,2,0.0
SHP_BUS_41,14.6522,121.0328,3,7.901
SHP_BUS_41,14.6063,121.0808,4,15.162
SHP_BUS_41,14.6063,121.0808,5,15.162
SHP_BUS_41,14.5649,121.0404,6,21.494
SHP_BUS_41,14.5422,121.074,7,25.904
SHP_BUS_41,14.5071,121.0396,8,31.284
SHP_BUS_42,14.6863,121.0753,1,0.0
SHP_BUS_42,14.699,120.9611,2,12.364
SHP_BUS_42,14.7023,120.9622,3,12.75
SHP_BUS_42,14.5491,121.0478,4,32.115
SHP_BUS_43,14.4947,120.9925,1,0.0
SHP_BUS_43,14.5093,121.0182,2,3.208
SHP_BUS_43,14.5091,121.0196,3,3.36
SHP_BUS_44,14.4225,121.0272,1,0.0
SHP_BUS_44,14.473,121.0357,2,5.689
SHP_BUS_44,14.4985,121.0252,3,8.742
SHP_BUS_44,14.5071,121.0396,4,10.563
SHP_BUS_44,14.5766,121.0836,5,19.627
SHP_BUS_44,14.668,120.9438,6,37.78
SHP_BUS_45,14.5071,121.0396,1,0.0
SHP_BUS_45,14.5491,121.0478,2,4.753
SHP_BUS_45,14.6498,121.0466,3,15.951
SHP_BUS_45,14.6522,121.0328,4,17.459
SHP_BUS_45,14.668,120.9438,5,27.193
SHP_BUS_46,14.299,121.06,1,0.0
SHP_BUS_46,14.4225,121.0272,2,14.18
SHP_BUS_46,14.5491,121.0478,3,28.431
SHP_BUS_46,14.6498,121.0466,4,39.629
SHP_BUS_46,14.6522,121.0328,5,41.137
SHP_BUS_46,14.668,120.9438,6,50.871
SHP_BUS_47,14.668,120.9438,1,0.0
SHP_BUS_47,14.6624,120.9556,2,1.414
SHP_BUS_47,14.6561,120.984,3,4.548
SHP_BUS_47,14.5376,121.0003,4,17.841
SHP_BUS_47,14.4947,120.9925,5,22.685
SHP_BUS_48,14.299,121.06,1,0.0
SHP_BUS_48,14.4225,121.0272,2,14.18
SHP_BUS_48,14.5491,121.0478,3,28.431
SHP_BUS_48,14.593,120.9727,4,37.873
SHP_BUS_49,14.8288,120.9396,1,0.0
SHP_BUS_49,14.7023,120.9622,2,14.275
SHP_BUS_49,14.699,120.9611,3,14.66
SHP_BUS_49,14.6441,121.0399,4,25.106
SHP_BUS_49,14.6498,121.0466,5,26.066
SHP_BUS_49,14.5093,121.0182,6,41.985
SHP_BUS_50,14.7143,121.0095,1,0.0
SHP_BUS_50,14.6764,121.0136,2,4.237
SHP_BUS_50,14.6893,121.0645,3,9.897
SHP_BUS_50,14.6522,121.0328,4,15.249
SHP_BUS_50,14.6063,121.0808,5,22.51
SHP_BUS_50,14.5581,121.0635,6,28.184
SHP_BUS_50,14.5484,121.0546,7,29.626
SHP_BUS_50,14.4225,121.0272,8,43.933
SHP_BUS_51,14.7143,121.0095,1,0.0
SHP_BUS_51,14.6764,121.0136,2,4.237
SHP_BUS_51,14.6522,121.0328,3,7.629
SHP_BUS_51,14.6194,121.0533,4,11.892
SHP_BUS_52,14.7143,121.0095,1,0.0
SHP_BUS_52,14.69,121.008,2,2.707
SHP_BUS_52,14.699,120.9611,3,7.85
SHP_BUS_52,14.6066,121.0001,4,18.948
SHP_BUS_52,14.593,120.9727,5,22.261
SHP_BUS_52,14.4947,120.9925,6,33.398
SHP_BUS_53,14.6194,121.0533,1,0.0
SHP_BUS_53,14.5988,121.0319,2,3.248
SHP_BUS_53,14.5876,121.0567,3,6.193
SHP_BUS_53,14.299,121.06,4,38.286
SHP_BUS_54,14.5974,120.9817,1,0.0
SHP_BUS_54,14.5713,120.9913,2,3.081
SHP_BUS_54,14.5838,121.0044,3,5.06
SHP_BUS_55,14.4947,120.9925,1,0.0
SHP_BUS_55,14.42,120.94,2,10.047
SHP_BUS_55,14.33,120.95,3,20.113
SHP_BUS_55,14.3089,120.936,4,22.902
SHP_BUS_56,14.6289,121.1148,1,0.0
SHP_BUS_56,14.6289,121.1148,2,0.0
SHP_BUS_56,14.5581,121.0635,3,9.615
SHP_BUS_56,14.5484,121.0546,4,11.058
SHP_BUS_56,14.5491,121.0478,5,11.794
SHP_BUS_57,14.6289,121.1148,1,0.0
SHP_BUS_57,14.47,121.12,2,17.678
SHP_BUS_57,14.48,121.11,3,19.226
SHP_BUS_57,14.5484,121.0546,4,28.89
SHP_BUS_58,14.4225,121.0272,1,0.0
SHP_BUS_58,14.328,120.7726,2,29.368
SHP_BUS_59,14.6194,121.0533,1,0.0
SHP_BUS_59,14.3009,121.0138,2,35.67
SHP_BUS_59,14.33,120.95,3,43.268
SHP_BUS_60,14.5484,121.0546,1,0.0
SHP_BUS_60,14.542,121.0422,2,1.513
SHP_BUS_60,14.4225,121.0272,3,14.898
SHP_BUS_60,14.393,121.018,4,18.325
SHP_BUS_61,14.5491,121.0478,1,0.0
SHP_BUS_61,14.542,121.0422,2,0.993
SHP_BUS_61,14.4225,121.0272,3,14.379
SHP_BUS_61,14.393,121.018,4,17.805
SHP_BUS_62,14.5376,121.0003,1,0.0
SHP_BUS_62,14.5491,121.0478,2,5.27
SHP_BUS_62,14.5484,121.0546,3,6.006
SHP_BUS_62,14.4885,121.021,4,13.585
SHP_BUS_63,14.5491,121.0478,1,0.0
SHP_BUS_63,14.5484,121.0546,2,0.736
SHP_BUS_63,14.5491,121.0478,3,1.472
SHP_BUS_64,14.8215,121.0003,1,0.0
SHP_BUS_64,14.699,120.9611,2,14.259
SHP_BUS_64,14.6491,120.9671,3,19.845
SHP_BUS_64,14.6561,120.984,4,21.822
SHP_BUS_64,14.6522,121.0328,5,27.09
SHP_BUS_65,14.6289,121.1148,1,0.0
SHP_BUS_65,14.6289,121.1148,2,0.0
SHP_BUS_65,14.5581,121.0635,3,9.615
SHP_BUS_65,14.5422,121.074,4,11.713
SHP_BUS_65,14.5876,121.0567,5,17.094
SHP_BUS_65,14.4947,120.9925,6,29.522
SHP_BUS_PNR1,14.5071,121.0396,1,0.0
SHP_BUS_PNR1,14.5071,121.0396,2,0.0
SHP_BUS_PNR1,14.4985,121.0252,3,1.821
SHP_BUS_PNR1,14.473,121.0357,4,4.874
SHP_BUS_PNR1,14.4225,121.0272,5,10.563
SHP_BUS_PNR1,14.5986,120.9664,6,31.21
SHP_BUS_PNR2,14.4225,121.0272,1,0.0
SHP_BUS_PNR2,14.438,120.995,2,3.872
SHP_BUS_PNR2,14.593,120.9727,3,21.274
SHP_BUS_PNR2,14.5986,120.9664,4,22.194
SHP_P2P_RRCG_001,14.5491,121.0175,1,0.0
SHP_P2P_RRCG_001,14.542,121.0422,2,2.773
SHP_P2P_RRCG_001,14.4225,121.0272,3,16.159
SHP_P2P_RRCG_002,14.5818,121.0487,1,0.0
SHP_P2P_RRCG_002,14.542,121.0422,2,4.481
SHP_P2P_RRCG_002,14.4225,121.0272,3,17.866
SHP_P2P_RRCG_003,14.6404,121.114,1,0.0
SHP_P2P_RRCG_003,14.6458,121.0934,2,2.296
SHP_P2P_RRCG_003,14.5876,121.0567,3,9.877
SHP_P2P_RRCG_003,14.5491,121.0175,4,15.888
SHP_P2P_RRCG_004,14.578,121.1248,1,0.0
SHP_P2P_RRCG_004,14.5876,121.0567,2,7.406
SHP_P2P_RRCG_004,14.5491,121.0175,3,13.416
SHP_P2P_RRCG_005,14.7354,121.0497,1,0.0
SHP_P2P_RRCG_005,14.7188,121.0584,2,2.069
SHP_P2P_RRCG_005,14.6522,121.0328,3,9.97
SHP_P2P_RRCG_005,14.6498,121.0466,4,11.479
SHP_P2P_RRCG_005,14.5491,121.0175,5,23.106
SHP_P2P_RRCG_006,14.5491,121.0175,1,0.0
SHP_P2P_RRCG_006,14.542,121.0422,2,2.773
SHP_P2P_RRCG_006,14.4225,121.0272,3,16.159
SHP_P2P_RRCG_006,14.393,121.018,4,19.585
SHP_P2P_RRCG_007,14.5491,121.0175,1,0.0
SHP_P2P_RRCG_007,14.5876,121.0567,2,6.01
SHP_P2P_RRCG_007,14.5819,121.0851,3,9.132
SHP_P2P_RRCG_007,14.6309,121.0697,4,14.827
SHP_P2P_HM_001,14.5484,121.0546,1,0.0
SHP_P2P_HM_001,14.542,121.0422,2,1.513
SHP_P2P_HM_001,14.4225,121.0272,3,14.898
SHP_P2P_HM_002,14.5484,121.0546,1,0.0
SHP_P2P_HM_002,14.542,121.0422,2,1.513
SHP_P2P_HM_002,14.4225,121.0272,3,14.898
SHP_P2P_HM_002,14.4082,121.0415,4,17.112
SHP_P2P_HM_003,14.5491,121.0175,1,0.0
SHP_P2P_HM_003,14.542,121.0422,2,2.773
SHP_P2P_HM_003,14.4225,121.0272,3,16.159
SHP_P2P_HM_003,14.215,121.142,4,42.338
SHP_P2P_HM_004,14.5491,121.0175,1,0.0
SHP_P2P_HM_004,14.542,121.0422,2,2.773
SHP_P2P_HM_004,14.4225,121.0272,3,16.159
SHP_P2P_HM_004,14.2117,121.1565,4,43.426
SHP_P2P_UBE_001,14.5093,121.0182,1,0.0
SHP_P2P_UBE_001,14.5091,121.0196,2,0.152
SHP_P2P_UBE_002,14.5093,121.0182,1,0.0
SHP_P2P_UBE_002,14.4947,120.9925,2,3.208
SHP_P2P_UBE_003,14.5093,121.0182,1,0.0
SHP_P2P_UBE_003,14.5376,121.0003,2,3.69
SHP_P2P_UBE_004,14.5093,121.0182,1,0.0
SHP_P2P_UBE_004,14.5791,120.9834,2,8.618
SHP_P2P_UBE_005,14.5093,121.0182,1,0.0
SHP_P2P_UBE_005,14.6194,121.0533,2,12.812
SHP_P2P_UBE_006,14.5093,121.0182,1,0.0
SHP_P2P_UBE_006,14.4102,120.938,2,14.0
SHP_P2P_UBE_007,14.5093,121.0182,1,0.0
SHP_P2P_UBE_007,14.4225,121.0272,2,9.7
SHP_P2P_UBE_007,14.271,121.1031,3,28.426
SHP_P2P_DNS_001,14.649,121.0447,1,0.0
SHP_P2P_DNS_001,14.5876,121.0567,2,6.948
SHP_P2P_DNS_001,14.5491,121.0175,3,12.959
SHP_P2P_DNS_002,14.6404,121.114,1,0.0
SHP_P2P_DNS_002,14.6458,121.0934,2,2.296
SHP_P2P_DNS_002,14.5876,121.0567,3,9.877
SHP_P2P_DNS_002,14.5491,121.0175,4,15.888
SHP_P2P_MEX_001,14.5261,121.0804,1,0.0
SHP_P2P_MEX_001,14.542,121.0422,2,4.476
SHP_P2P_MEX_001,14.54,121.028,3,6.02
SHP_P2P_MEX_002,14.5261,121.0804,1,0.0
SHP_P2P_MEX_002,14.5818,121.0487,2,7.071
SHP_P2P_MEX_003,14.435,120.975,1,0.0
SHP_P2P_MEX_003,14.4225,121.0272,2,5.791
SHP_P2P_MEX_003,14.4301,121.0379,3,7.22
SHP_P2P_MEX_004,14.435,120.975,1,0.0
SHP_P2P_MEX_004,14.4551,120.9637,2,2.545
SHP_P2P_MEX_004,14.4947,120.9925,3,7.93
SHP_P2P_MEX_004,14.54,121.028,4,14.253
SHP_P2P_SRT_001,14.2117,121.1565,1,0.0
SHP_P2P_SRT_001,14.4225,121.0272,2,27.267
SHP_P2P_SRT_001,14.5491,121.0175,3,41.383
SHP_P2P_SRT_002,14.2117,121.1565,1,0.0
SHP_P2P_SRT_002,14.4225,121.0272,2,27.267
SHP_P2P_SRT_002,14.5484,121.0546,3,41.574
SHP_P2P_SRT_003,14.2117,121.1565,1,0.0
SHP_P2P_SRT_003,14.4225,121.0272,2,27.267
SHP_P2P_SRT_003,14.4947,120.9925,3,36.122
SHP_P2P_SRT_003,14.593,120.9727,4,47.259
SHP_P2P_ML_001,14.33,120.95,1,0.0
SHP_P2P_ML_001,14.4551,120.9637,2,13.989
SHP_P2P_ML_001,14.4947,120.9925,3,19.374
SHP_P2P_ML_001,14.6194,121.0533,4,34.707
SHP_P2P_ML_002,14.4225,121.0272,1,0.0
SHP_P2P_ML_002,14.542,121.0422,2,13.386
SHP_P2P_ML_002,14.6194,121.0533,3,22.075
SHP_P2P_PG_001,14.6522,121.0328,1,0.0
SHP_P2P_PG_001,14.699,120.962,2,9.224
SHP_P2P_PG_001,14.7996,120.9219,3,21.212
SHP_P2P_COMET_001,14.7188,121.0584,1,0.0
SHP_P2P_COMET_001,14.6522,121.0328,2,7.901
SHP_P2P_COMET_001,14.5876,121.0567,3,15.531
SHP_P2P_COMET_001,14.5876,121.0517,4,16.069
SHP_P2P_COMET_002,14.5093,120.997,1,0.0
SHP_P2P_COMET_002,14.4947,120.9925,2,1.694
SHP_P2P_COMET_002,14.5491,121.0478,3,10.181
SHP_P2P_COMET_002,14.5491,121.031,4,11.989
SHP_P2P_ALPS_001,13.953,121.17,1,0.0
SHP_P2P_ALPS_001,14.299,121.06,2,40.26
SHP_P2P_ALPS_001,14.5484,121.0546,3,67.999
SHP_P2P_ALPS_001,14.5876,121.0517,4,72.369
SHP_P2P_GEN_001,14.6194,121.0533,1,0.0
SHP_P2P_GEN_001,14.6522,121.0328,2,4.262
SHP_P2P_GEN_001,14.699,120.962,3,13.486
SHP_P2P_GEN_001,15.1858,120.56,4,82.734
SHP_P2P_NDL_001,14.4225,121.0272,1,0.0
SHP_P2P_NDL_001,14.4947,120.9925,2,8.855
SHP_P2P_NDL_001,14.5376,121.0003,3,13.699
SHP_P2P_NDL_001,14.593,120.9727,4,20.538
SHP_P2P_SAT_001,14.4498,120.98,1,0.0
SHP_P2P_SAT_001,14.5376,121.0003,2,10.005
SHP_P2P_SAT_001,14.5491,121.031,3,13.548
SHP_UVE_N08,14.6154,120.9902,1,0.0
SHP_UVE_N08,14.6066,121.0001,2,1.446
SHP_UVE_N08,14.5876,121.0567,3,7.893
SHP_UVE_N08,14.5491,121.0478,4,12.28
SHP_UVE_N25,14.48,121.03,1,0.0
SHP_UVE_N25,14.5376,121.0003,2,7.158
SHP_UVE_N25,14.5491,121.0478,3,12.428
SHP_UVE_N52,14.473,121.0357,1,0.0
SHP_UVE_N52,14.5071,121.0396,2,3.815
SHP_UVE_N52,14.5713,120.9913,3,12.646
SHP_UVE_N52,14.593,120.9727,4,15.781
SHP_UVE_N55,14.6522,121.0328,1,0.0
SHP_UVE_N55,14.7188,121.0584,2,7.901
SHP_UVE_N64,14.5766,121.0836,1,0.0
SHP_UVE_N64,14.5876,121.0567,2,3.143
SHP_UVE_N64,14.5818,121.0487,3,4.218
SHP_UVE_N69,14.5876,121.0517,1,0.0
SHP_UVE_N69,14.5988,121.0319,2,2.468
SHP_UVE_N69,14.5974,120.9817,3,7.872
SHP_UVE_N72,14.6194,121.0433,1,0.0
SHP_UVE_N72,14.6498,121.0466,2,3.399
SHP_UVE_N72,14.6194,121.0533,3,6.855
SHP_UVE_C65,14.9167,120.7667,1,0.0
SHP_UVE_C65,14.85,120.81,2,8.756
SHP_UVE_C65,14.7996,120.9219,3,22.026
SHP_UVE_C65,14.699,120.962,4,34.014
SHP_UVE_C65,14.6441,121.0399,5,44.382
SHP_UVE_C66,14.6289,121.1148,1,0.0
SHP_UVE_C66,14.6458,121.0934,2,2.972
SHP_UVE_C66,14.6194,121.0533,3,8.19
SHP_UVE_C67,14.6194,121.0533,1,0.0
SHP_UVE_C67,14.6458,121.0934,2,5.218
SHP_UVE_C67,14.6289,121.1148,3,8.19
SHP_UVE_C68,14.578,121.1248,1,0.0
SHP_UVE_C68,14.5876,121.0567,2,7.406
SHP_UVE_C68,14.5818,121.0487,3,8.481
SHP_UVE_C69,14.4225,121.0272,1,0.0
SHP_UVE_C69,14.42,120.94,2,9.395
SHP_UVE_CAL_01,14.693,120.9742,1,0.0
SHP_UVE_CAL_01,14.6491,120.9671,2,4.941
SHP_UVE_CAL_01,14.6561,120.984,3,6.919
SHP_UVE_CAL_01,14.6522,121.0328,4,12.186
SHP_UVE_CAL_02,14.693,120.9742,1,0.0
SHP_UVE_CAL_02,14.6491,120.9671,2,4.941
SHP_UVE_CAL_02,14.6173,120.99,3,9.251
SHP_UVE_CAL_03,14.7211,121.0585,1,0.0
SHP_UVE_CAL_03,14.6561,120.984,2,10.791
SHP_UVE_CAL_03,14.6522,121.0328,3,16.059
SHP_UVE_FV_01,14.7188,121.0584,1,0.0
SHP_UVE_FV_01,14.7188,121.0584,2,0.0
SHP_UVE_FV_01,14.6522,121.0328,3,7.901
SHP_UVE_FV_01,14.5605,121.035,4,18.1
SHP_UVE_FV_02,14.7188,121.0584,1,0.0
SHP_UVE_FV_02,14.7188,121.0584,2,0.0
SHP_UVE_FV_02,14.6522,121.0328,3,7.901
SHP_UVE_FV_02,14.5974,120.9817,4,16.108
SHP_UVE_FV_02,14.5791,120.9834,5,18.151
SHP_UVE_LAG_QC_01,14.729,121.042,1,0.0
SHP_UVE_LAG_QC_01,14.6897,121.0226,2,4.843
SHP_UVE_LAG_QC_01,14.5974,120.9817,3,16.009
SHP_UVE_LAG_QC_02,14.729,121.042,1,0.0
SHP_UVE_LAG_QC_02,14.6522,121.0328,2,8.597
SHP_UVE_LAG_QC_03,14.729,121.042,1,0.0
SHP_UVE_LAG_QC_03,14.6441,121.0399,2,9.443
SHP_UVE_LAG_QC_03,14.5791,120.9834,3,18.888
SHP_UVE_NOV_01,14.738,121.055,1,0.0
SHP_UVE_NOV_01,14.7188,121.0584,2,2.166
SHP_UVE_NOV_01,14.6194,121.0533,3,13.232
SHP_UVE_NOV_02,14.738,121.055,1,0.0
SHP_UVE_NOV_02,14.693,120.9742,2,10.028
SHP_UVE_NOV_02,14.6561,120.984,3,14.264
SHP_UVE_NOV_03,14.7354,121.0497,1,0.0
SHP_UVE_NOV_03,14.7188,121.0584,2,2.069
SHP_UVE_NOV_03,14.6522,121.0328,3,9.97
SHP_UVE_NOV_03,14.5618,120.994,4,20.855
SHP_UVE_NOV_04,14.7354,121.0497,1,0.0
SHP_UVE_NOV_04,14.6522,121.0328,2,9.428
SHP_UVE_NOV_04,14.5605,121.035,3,19.628
SHP_UVE_NOV_04,14.5518,120.9974,4,23.788
SHP_UVE_NOV_05,14.712,121.034,1,0.0
SHP_UVE_NOV_05,14.6522,121.0328,2,6.651
SHP_UVE_NOV_06,14.651,121.032,1,0.0
SHP_UVE_NOV_06,14.6522,121.0328,2,0.159
SHP_UVE_NOV_06,14.7188,121.0584,3,8.06
SHP_UVE_NOV_06,14.7354,121.0497,4,10.129
SHP_UVE_EGT_01,14.6522,121.0328,1,0.0
SHP_UVE_EGT_01,14.6522,121.0328,2,0.0
SHP_UVE_QC_01,14.6522,121.0328,1,0.0
SHP_UVE_QC_01,14.6441,121.0399,2,1.181
SHP_UVE_QC_01,14.5791,120.9834,3,10.625
SHP_UVE_QC_02,14.6697,121.0321,1,0.0
SHP_UVE_QC_02,14.6441,121.0399,2,2.968
SHP_UVE_QC_02,14.5791,120.9834,3,12.412
SHP_UVE_QC_03,14.6194,121.0533,1,0.0
SHP_UVE_QC_03,14.5876,121.0567,2,3.555
SHP_UVE_QC_03,14.5605,121.035,3,7.367
SHP_UVE_QC_04,14.6194,121.0533,1,0.0
SHP_UVE_QC_04,14.729,121.1267,2,14.521
SHP_UVE_QC_05,14.6764,121.0136,1,0.0
SHP_UVE_QC_05,14.6522,121.0328,2,3.392
SHP_UVE_MAL_01,14.6624,120.9556,1,0.0
SHP_UVE_MAL_01,14.6561,120.984,2,3.134
SHP_UVE_MAL_01,14.5491,121.0478,3,16.871
SHP_UVE_MAL_02,14.6624,120.9556,1,0.0
SHP_UVE_MAL_02,14.6561,120.984,2,3.134
SHP_UVE_MAL_02,14.6194,121.0533,3,11.634
SHP_UVE_VAL_01,14.699,120.9611,1,0.0
SHP_UVE_VAL_01,14.699,120.9611,2,0.0
SHP_UVE_VAL_01,14.6561,120.984,3,5.369
SHP_UVE_VAL_01,14.6522,121.0328,4,10.636
SHP_UVE_MAR_01,14.656,121.0893,1,0.0
SHP_UVE_MAR_01,14.653,121.1024,2,1.448
SHP_UVE_MAR_01,14.5819,121.0851,3,9.57
SHP_UVE_MAR_01,14.6194,121.0533,4,14.964
SHP_UVE_MAR_02,14.658,121.098,1,0.0
SHP_UVE_MAR_02,14.653,121.1024,2,0.73
SHP_UVE_MAR_02,14.6893,121.0645,3,6.467
SHP_UVE_MAR_03,14.634,121.115,1,0.0
SHP_UVE_MAR_03,14.653,121.1024,2,2.51
SHP_UVE_MAR_03,14.5491,121.0478,3,15.471
SHP_UVE_MAR_04,14.634,121.115,1,0.0
SHP_UVE_MAR_04,14.653,121.1024,2,2.51
SHP_UVE_MAR_04,14.5876,121.0567,3,11.289
SHP_UVE_MAR_05,14.653,121.1024,1,0.0
SHP_UVE_MAR_05,14.5819,121.0851,2,8.122
SHP_UVE_MAR_05,14.5876,121.0517,3,11.772
SHP_UVE_MAR_06,14.6194,121.0533,1,0.0
SHP_UVE_MAR_06,14.5819,121.0851,2,5.394
SHP_UVE_MAR_06,14.633,121.108,3,11.587
SHP_UVE_PAT_01,14.5441,121.0793,1,0.0
SHP_UVE_PAT_01,14.5766,121.0836,2,3.643
SHP_UVE_PAT_01,14.5876,121.0567,3,6.786
SHP_UVE_PAT_01,14.5791,120.9834,4,14.73
SHP_UVE_PAS_01,14.5714,121.0966,1,0.0
SHP_UVE_PAS_01,14.5876,121.0517,2,5.157
SHP_UVE_PAS_02,14.5766,121.0836,1,0.0
SHP_UVE_PAS_02,14.5876,121.0567,2,3.143
SHP_UVE_PAS_02,14.5491,121.0478,3,7.529
SHP_UVE_PAS_03,14.609,121.08,1,0.0
SHP_UVE_PAS_03,14.5876,121.0567,2,3.457
SHP_UVE_PAS_03,14.5876,121.0517,3,3.995
SHP_UVE_PAS_04,14.5714,121.0966,1,0.0
SHP_UVE_PAS_04,14.5581,121.0635,2,3.857
SHP_UVE_PAS_04,14.5421,121.0577,3,5.743
SHP_UVE_PAS_05,14.496,121.008,1,0.0
SHP_UVE_PAS_05,14.4947,120.9925,2,1.675
SHP_UVE_PAS_05,14.5876,121.0567,3,14.103
SHP_UVE_PAS_06,14.5275,121.1522,1,0.0
SHP_UVE_PAS_06,14.4675,121.1882,2,7.716
SHP_UVE_PAS_06,14.556,121.1323,3,19.25
SHP_UVE_PAS_06,14.5876,121.0567,4,28.113
SHP_UVE_PAS_06,14.5876,121.0517,5,28.651
SHP_UVE_MAK_01,14.531,121.0535,1,0.0
SHP_UVE_MAK_01,14.5484,121.0546,2,1.938
SHP_UVE_MAK_01,14.5876,121.0567,3,6.303
SHP_UVE_MAK_01,14.5876,121.0517,4,6.841
SHP_UVE_MAK_02,14.524,121.07,1,0.0
SHP_UVE_MAK_02,14.5491,121.0478,2,3.674
SHP_UVE_MAK_03,14.5491,121.0478,1,0.0
SHP_UVE_MAK_03,14.6066,121.0001,2,8.199
SHP_UVE_MAK_03,14.6154,120.9902,3,9.646
SHP_UVE_TAG_01,14.5071,121.0396,1,0.0
SHP_UVE_TAG_01,14.5491,121.0478,2,4.753
SHP_UVE_TAG_01,14.5491,121.0175,3,8.014
SHP_UVE_TAG_02,14.475,121.085,1,0.0
SHP_UVE_TAG_02,14.5484,121.0546,2,8.793
SHP_UVE_TAG_02,14.542,121.0422,3,10.306
SHP_UVE_TAG_02,14.5537,121.0299,4,12.162
SHP_UVE_TAG_03,14.4985,121.0252,1,0.0
SHP_UVE_TAG_03,14.542,121.0422,2,5.172
SHP_UVE_TAG_03,14.5537,121.0299,3,7.028
SHP_UVE_TAG_04,14.5484,121.0546,1,0.0
SHP_UVE_TAG_04,14.5714,121.0966,2,5.194
SHP_UVE_TAG_05,14.5484,121.0546,1,0.0
SHP_UVE_TAG_05,14.5581,121.0635,2,1.443
SHP_UVE_TAG_05,14.5714,121.0966,3,5.3
SHP_UVE_TAG_06,14.5484,121.0546,1,0.0
SHP_UVE_TAG_06,14.542,121.0422,2,1.513
SHP_UVE_TAG_06,14.5347,120.9834,3,7.893
SHP_UVE_TAG_07,14.4985,121.0252,1,0.0
SHP_UVE_TAG_07,14.5491,121.0478,2,6.13
SHP_UVE_TAG_08,14.4885,121.021,1,0.0
SHP_UVE_TAG_08,14.5484,121.0546,2,7.579
SHP_UVE_TAG_08,14.5491,121.0175,3,11.573
SHP_UVE_LP_01,14.4498,120.98,1,0.0
SHP_UVE_LP_01,14.5376,121.0003,2,10.005
SHP_UVE_LP_01,14.593,120.9727,3,16.843
SHP_UVE_LP_02,14.4498,120.98,1,0.0
SHP_UVE_LP_02,14.5376,121.0003,2,10.005
SHP_UVE_LP_02,14.5974,120.9817,3,16.949
SHP_UVE_LP_03,14.4575,120.9975,1,0.0
SHP_UVE_LP_03,14.4498,120.98,2,2.07
SHP_UVE_LP_03,14.4947,120.9925,3,7.241
SHP_UVE_LP_03,14.5347,120.9834,4,11.795
SHP_UVE_LP_03,14.5491,121.0478,5,18.909
SHP_UVE_LP_04,14.4575,120.9975,1,0.0
SHP_UVE_LP_04,14.438,120.995,2,2.185
SHP_UVE_LP_04,14.5491,121.0478,3,15.784
SHP_UVE_LP_05,14.449,121.005,1,0.0
SHP_UVE_LP_05,14.4498,120.98,2,2.693
SHP_UVE_LP_05,14.438,120.995,3,4.774
SHP_UVE_LP_05,14.5491,121.0478,4,18.373
SHP_UVE_LP_06,14.462,121.023,1,0.0
SHP_UVE_LP_06,14.4947,120.9925,2,4.899
SHP_UVE_LP_06,14.5376,121.0003,3,9.743
SHP_UVE_LP_06,14.5491,121.0478,4,15.013
SHP_UVE_LP_07,14.4498,120.98,1,0.0
SHP_UVE_LP_07,14.4225,121.0272,2,5.92
SHP_UVE_LP_07,14.5537,121.0299,3,20.512
SHP_UVE_ALB_01,14.5339,120.998,1,0.0
SHP_UVE_ALB_01,14.5347,120.9834,2,1.574
SHP_UVE_ALB_01,14.4947,120.9925,3,6.128
SHP_UVE_ALB_01,14.4225,121.0272,4,14.983
SHP_UVE_ALB_02,14.4301,121.0379,1,0.0
SHP_UVE_ALB_02,14.4225,121.0272,2,1.429
SHP_UVE_ALB_02,14.4947,120.9925,3,10.284
SHP_UVE_ALB_02,14.5347,120.9834,4,14.838
SHP_UVE_ALB_03,14.4225,121.0272,1,0.0
SHP_UVE_ALB_03,14.4301,121.0379,2,1.429
SHP_UVE_ALB_03,14.4947,120.9925,3,10.118
SHP_UVE_CAV_01,14.42,120.94,1,0.0
SHP_UVE_CAV_01,14.4551,120.9637,2,4.663
SHP_UVE_CAV_01,14.4947,120.9925,3,10.049
SHP_UVE_CAV_01,14.5491,121.0478,4,18.536
SHP_UVE_CAV_02,14.4102,120.938,1,0.0
SHP_UVE_CAV_02,14.42,120.94,2,1.111
SHP_UVE_CAV_02,14.4551,120.9637,3,5.774
SHP_UVE_CAV_02,14.5491,121.0175,4,17.724
SHP_UVE_CAV_03,14.4354,120.9724,1,0.0
SHP_UVE_CAV_03,14.438,120.995,2,2.451
SHP_UVE_CAV_03,14.5491,121.0478,3,16.05
SHP_UVE_CAV_04,14.4354,120.9724,1,0.0
SHP_UVE_CAV_04,14.435,120.975,2,0.283
SHP_UVE_CAV_04,14.4225,121.0272,3,6.074
SHP_UVE_CAV_05,14.31,120.935,1,0.0
SHP_UVE_CAV_05,14.42,120.94,2,12.243
SHP_UVE_CAV_05,14.4551,120.9637,3,16.907
SHP_UVE_CAV_05,14.5491,121.0478,4,30.735
SHP_UVE_CAV_06,14.345,120.96,1,0.0
SHP_UVE_CAV_06,14.42,120.94,2,8.613
SHP_UVE_CAV_06,14.4947,120.9925,3,18.661
SHP_UVE_CAV_06,14.593,120.9727,4,29.797
SHP_UVE_CAV_07,14.4285,120.8861,1,0.0
SHP_UVE_CAV_07,14.42,120.94,2,5.881
SHP_UVE_CAV_07,14.5491,121.0478,3,24.341
SHP_UVE_CAV_08,14.5376,121.0003,1,0.0
SHP_UVE_CAV_08,14.42,120.94,2,14.599
SHP_UVE_CAV_08,14.33,120.95,3,24.665
SHP_UVE_CAV_09,14.5376,121.0003,1,0.0
SHP_UVE_CAV_09,14.42,120.94,2,14.599
SHP_UVE_CAV_09,14.4551,120.9637,3,19.263
SHP_UVE_CAV_10,14.5376,121.0003,1,0.0
SHP_UVE_CAV_10,14.42,120.94,2,14.599
SHP_UVE_CAV_10,14.2822,120.8627,3,32.039
SHP_UVE_CAV_11,14.5347,120.9834,1,0.0
SHP_UVE_CAV_11,14.4947,120.9925,2,4.554
SHP_UVE_CAV_11,14.42,120.94,3,14.602
SHP_UVE_CAV_12,14.5376,121.0003,1,0.0
SHP_UVE_CAV_12,14.42,120.94,2,14.599
SHP_UVE_CAV_12,14.32,121.0,3,27.461
SHP_UVE_RIZ_01,14.6289,121.1148,1,0.0
SHP_UVE_RIZ_01,14.6458,121.0934,2,2.972
SHP_UVE_RIZ_01,14.5819,121.0851,3,10.133
SHP_UVE_RIZ_01,14.5491,121.0478,4,15.557
SHP_UVE_RIZ_02,14.6289,121.1148,1,0.0
SHP_UVE_RIZ_02,14.6289,121.1148,2,0.0
SHP_UVE_RIZ_02,14.5581,121.0635,3,9.615
SHP_UVE_RIZ_02,14.5491,121.0478,4,11.579
SHP_UVE_RIZ_03,14.6289,121.1148,1,0.0
SHP_UVE_RIZ_03,14.6458,121.0934,2,2.972
SHP_UVE_RIZ_03,14.5876,121.0567,3,10.553
SHP_UVE_RIZ_03,14.5876,121.0517,4,11.091
SHP_UVE_RIZ_04,14.6289,121.1148,1,0.0
SHP_UVE_RIZ_04,14.6458,121.0934,2,2.972
SHP_UVE_RIZ_04,14.5818,121.0487,3,11.561
SHP_UVE_RIZ_05,14.6289,121.1148,1,0.0
SHP_UVE_RIZ_05,14.6289,121.1148,2,0.0
SHP_UVE_RIZ_05,14.5876,121.0567,3,7.757
SHP_UVE_RIZ_05,14.5818,121.0487,4,8.833
SHP_UVE_RIZ_06,14.6289,121.1148,1,0.0
SHP_UVE_RIZ_06,14.6289,121.1148,2,0.0
SHP_UVE_RIZ_06,14.5581,121.0635,3,9.615
SHP_UVE_RIZ_06,14.5491,121.0478,4,11.579
SHP_UVE_RIZ_07,14.556,121.1323,1,0.0
SHP_UVE_RIZ_07,14.5876,121.0567,2,8.862
SHP_UVE_RIZ_07,14.5818,121.0487,3,9.938
SHP_UVE_RIZ_08,14.57,121.099,1,0.0
SHP_UVE_RIZ_08,14.5876,121.0567,2,4.955
SHP_UVE_RIZ_08,14.5491,121.0478,3,9.342
SHP_UVE_RIZ_09,14.4675,121.1882,1,0.0
SHP_UVE_RIZ_09,14.5275,121.1522,2,7.716
SHP_UVE_RIZ_09,14.556,121.1323,3,11.541
SHP_UVE_RIZ_09,14.5876,121.0567,4,20.403
SHP_UVE_RIZ_09,14.5876,121.0517,5,20.941
SHP_UVE_RIZ_10,14.4675,121.1882,1,0.0
SHP_UVE_RIZ_10,14.556,121.1323,2,11.535
SHP_UVE_RIZ_10,14.5876,121.0567,3,20.397
SHP_UVE_RIZ_10,14.5818,121.0487,4,21.473
SHP_UVE_RIZ_11,14.4675,121.1882,1,0.0
SHP_UVE_RIZ_11,14.653,121.1024,2,22.599
SHP_UVE_RIZ_11,14.6458,121.0934,3,23.856
SHP_UVE_RIZ_12,14.4816,121.2303,1,0.0
SHP_UVE_RIZ_12,14.4675,121.1882,2,4.796
SHP_UVE_RIZ_12,14.556,121.1323,3,16.331
SHP_UVE_RIZ_12,14.5876,121.0567,4,25.193
SHP_UVE_RIZ_12,14.5818,121.0487,5,26.269
SHP_UVE_RIZ_13,14.729,121.1267,1,0.0
SHP_UVE_RIZ_13,14.6194,121.0533,2,14.521
SHP_UVE_RIZ_14,14.5,121.287,1,0.0
SHP_UVE_RIZ_14,14.556,121.1323,2,17.778
SHP_UVE_RIZ_14,14.5876,121.0567,3,26.64
SHP_UVE_RIZ_14,14.5818,121.0487,4,27.716
SHP_UVE_RIZ_15,14.3196,121.3036,1,0.0
SHP_UVE_RIZ_15,14.5,121.287,2,20.139
SHP_UVE_RIZ_15,14.556,121.1323,3,37.917
SHP_UVE_RIZ_15,14.5876,121.0567,4,46.779
SHP_UVE_RIZ_15,14.5876,121.0517,5,47.317
SHP_UVE_RIZ_16,14.5275,121.1522,1,0.0
SHP_UVE_RIZ_16,14.556,121.1323,2,3.825
SHP_UVE_RIZ_16,14.5818,121.0487,3,13.268
SHP_UVE_RIZ_17,14.729,121.1267,1,0.0
SHP_UVE_RIZ_17,14.578,121.1248,2,16.792
SHP_UVE_RIZ_17,14.578,121.1248,3,16.792
SHP_UVE_BUL_01,14.736,121.0025,1,0.0
SHP_UVE_BUL_01,14.699,120.962,2,5.992
SHP_UVE_BUL_01,14.6522,121.0328,3,15.215
SHP_UVE_BUL_02,14.736,121.0025,1,0.0
SHP_UVE_BUL_02,14.699,120.962,2,5.992
SHP_UVE_BUL_02,14.6522,121.0328,3,15.215
SHP_UVE_BUL_03,14.736,121.0025,1,0.0
SHP_UVE_BUL_03,14.699,120.962,2,5.992
SHP_UVE_BUL_03,14.6441,121.0399,3,16.359
SHP_UVE_BUL_04,14.7595,120.9213,1,0.0
SHP_UVE_BUL_04,14.699,120.962,2,8.026
SHP_UVE_BUL_04,14.6522,121.0328,3,17.25
SHP_UVE_BUL_05,14.7575,120.9574,1,0.0
SHP_UVE_BUL_05,14.699,120.962,2,6.524
SHP_UVE_BUL_05,14.6522,121.0328,3,15.748
SHP_UVE_BUL_06,14.7575,120.9574,1,0.0
SHP_UVE_BUL_06,14.699,120.962,2,6.524
SHP_UVE_BUL_06,14.6522,121.0328,3,15.748
SHP_UVE_BUL_06,14.6441,121.0399,4,16.929
SHP_UVE_BUL_07,14.731,121.02,1,0.0
SHP_UVE_BUL_07,14.736,121.0025,2,1.962
SHP_UVE_BUL_07,14.6522,121.0328,3,11.834
SHP_UVE_BUL_08,14.736,121.0025,1,0.0
SHP_UVE_BUL_08,14.699,120.962,2,5.992
SHP_UVE_BUL_08,14.6522,121.0328,3,15.215
SHP_UVE_BUL_09,14.776,120.915,1,0.0
SHP_UVE_BUL_09,14.7996,120.9219,2,2.727
SHP_UVE_BUL_09,14.699,120.962,3,14.716
SHP_UVE_BUL_09,14.6522,121.0328,4,23.939
SHP_UVE_BUL_10,14.814,120.905,1,0.0
SHP_UVE_BUL_10,14.7996,120.9219,2,2.422
SHP_UVE_BUL_10,14.699,120.962,3,14.41
SHP_UVE_BUL_10,14.6561,120.984,4,19.735
SHP_UVE_BUL_11,14.736,121.0025,1,0.0
SHP_UVE_BUL_11,14.699,120.962,2,5.992
SHP_UVE_BUL_11,14.6173,120.99,3,15.562
SHP_UVE_BUL_11,14.5989,120.9851,4,17.675
SHP_UVE_BUL_12,14.85,120.81,1,0.0
SHP_UVE_BUL_12,14.7996,120.9219,2,13.27
SHP_UVE_BUL_12,14.699,120.962,3,25.259
SHP_UVE_BUL_12,14.6441,121.0399,4,35.626
SHP_UVE_BUL_13,14.8706,120.8862,1,0.0
SHP_UVE_BUL_13,14.7996,120.9219,2,8.778
SHP_UVE_BUL_13,14.699,120.962,3,20.767
SHP_UVE_BUL_13,14.6064,120.9657,4,31.071
SHP_UVE_LAG_PCV,14.299,121.06,1,0.0
SHP_UVE_LAG_PCV,14.4225,121.0272,2,14.18
SHP_UVE_LAG_PCV,14.542,121.0422,3,27.565
SHP_UVE_LAG_PCV,14.5491,121.0478,4,28.559
SHP_UVE_LAG_MAM,14.2476,121.0958,1,0.0
SHP_UVE_LAG_MAM,14.4225,121.0272,2,20.805
SHP_UVE_LAG_MAM,14.4301,121.0379,3,22.234
SHP_UVE_LAG_BAL,14.271,121.1031,1,0.0
SHP_UVE_LAG_BAL,14.4225,121.0272,2,18.725
SHP_UVE_LAG_BAL,14.4498,120.98,3,24.646
SHP_CITY_MMBC_BACLARAN_FAIRVIEW_EDSA,14.5339,120.998,1,0.0
SHP_CITY_MMBC_BACLARAN_FAIRVIEW_EDSA,14.5376,121.0003,2,0.48
SHP_CITY_MMBC_BACLARAN_FAIRVIEW_EDSA,14.5605,121.035,3,5.0
SHP_CITY_MMBC_BACLARAN_FAIRVIEW_EDSA,14.5876,121.0567,4,8.813
SHP_CITY_MMBC_BACLARAN_FAIRVIEW_EDSA,14.6194,121.0533,5,12.368
SHP_CITY_MMBC_BACLARAN_FAIRVIEW_EDSA,14.6522,121.0328,6,16.63
SHP_CITY_MMBC_BACLARAN_FAIRVIEW_EDSA,14.7188,121.0584,7,24.531
SHP_CITY_MMBC_BACLARAN_FAIRVIEW_QUIAPO,14.5339,120.998,1,0.0
SHP_CITY_MMBC_BACLARAN_FAIRVIEW_QUIAPO,14.5376,121.0003,2,0.48
SHP_CITY_MMBC_BACLARAN_FAIRVIEW_QUIAPO,14.5974,120.9817,3,7.424
SHP_CITY_MMBC_BACLARAN_FAIRVIEW_QUIAPO,14.6173,120.99,4,9.811
SHP_CITY_MMBC_BACLARAN_FAIRVIEW_QUIAPO,14.6561,120.984,5,14.173
SHP_CITY_MMBC_BACLARAN_FAIRVIEW_QUIAPO,14.6522,121.0328,6,19.441
SHP_CITY_MMBC_BACLARAN_FAIRVIEW_QUIAPO,14.7188,121.0584,7,27.342
SHP_CITY_MALTC_MONTALBAN_BACLARAN_EDSA,14.729,121.1267,1,0.0
SHP_CITY_MALTC_MONTALBAN_BACLARAN_EDSA,14.6194,121.0533,2,14.521
SHP_CITY_MALTC_MONTALBAN_BACLARAN_EDSA,14.5876,121.0567,3,18.076
SHP_CITY_MALTC_MONTALBAN_BACLARAN_EDSA,14.5605,121.035,4,21.888
SHP_CITY_MALTC_MONTALBAN_BACLARAN_EDSA,14.5376,121.0003,5,26.408
SHP_CITY_MALTC_MONTALBAN_BACLARAN_EDSA,14.5339,120.998,6,26.889
SHP_CITY_MALTC_SANMATEO_BACLARAN,14.706,121.128,1,0.0
SHP_CITY_MALTC_SANMATEO_BACLARAN,14.653,121.1024,2,6.505
SHP_CITY_MALTC_SANMATEO_BACLARAN,14.5819,121.0851,3,14.627
SHP_CITY_MALTC_SANMATEO_BACLARAN,14.6194,121.0533,4,20.021
SHP_CITY_MALTC_SANMATEO_BACLARAN,14.6522,121.0328,5,24.283
SHP_CITY_MALTC_SANMATEO_BACLARAN,14.7188,121.0584,6,32.184
SHP_CITY_MALTC_SANMATEO_BACLARAN,14.6498,121.0466,7,39.961
SHP_CITY_MALTC_SANMATEO_BACLARAN,14.5376,121.0003,8,53.395
SHP_CITY_MALTC_SANMATEO_BACLARAN,14.5339,120.998,9,53.875
SHP_LOVE_1,14.7143,121.0095,1,0.0
SHP_LOVE_1,14.6764,121.0136,2,4.237
SHP_LOVE_1,14.6893,121.0965,3,13.269
SHP_LOVE_1,14.6893,121.09,4,13.968
SHP_LOVE_2,14.7143,121.0095,1,0.0
SHP_LOVE_2,14.6764,121.0136,2,4.237
SHP_LOVE_2,14.6066,121.0001,3,12.133
SHP_LOVE_2,14.4947,120.9925,4,24.603
